# Epoch, Training Loss, Training Accuracy, Validation Loss, Validation Accuracy
1 420.71 17.52 105.79 17.85
2 328.48 37.65 81.23 39.98
3 244.38 50.73 58.99 52.32
4 183.00 65.51 42.80 68.58
5 143.46 73.90 32.77 75.67
6 116.60 78.94 25.92 81.54
7 99.42 81.67 21.45 84.35
8 85.03 84.62 18.06 86.55
9 75.57 86.20 15.79 88.39
10 65.38 88.08 13.52 90.59
11 60.72 88.42 12.55 89.85
12 54.08 90.02 10.90 91.32
13 51.36 89.96 10.36 90.71
14 47.11 91.21 9.68 91.32
15 45.69 90.64 9.16 92.30
16 42.04 91.38 8.49 92.67
17 38.43 92.31 7.92 92.79
18 36.67 92.72 7.57 93.15
19 35.24 92.54 7.24 93.03
20 34.03 93.16 6.71 93.89
21 32.19 92.69 6.78 93.64
22 31.42 93.19 6.41 94.25
23 29.72 93.67 6.08 94.38
24 29.62 93.68 6.19 94.50
25 28.04 94.12 5.56 95.23
26 27.95 93.97 5.75 94.99
27 24.30 94.83 5.30 95.97
28 24.51 94.98 5.32 95.11
29 26.11 94.09 5.54 94.74
30 23.72 94.72 5.16 95.84
31 23.91 94.51 5.02 95.35
32 22.73 94.72 4.82 95.72
33 22.16 94.92 4.82 95.48
34 21.85 95.05 4.80 95.72
35 20.43 95.18 4.74 95.97
36 22.02 95.24 4.79 95.48
37 19.54 95.76 4.47 96.09
38 20.48 95.31 4.59 95.48
39 18.78 95.54 4.73 95.72
40 19.39 95.45 4.25 96.58
41 19.75 95.53 4.29 96.33
42 17.45 95.77 4.37 96.21
43 18.64 95.65 4.36 95.72
44 17.46 95.79 4.14 96.58
45 17.78 95.89 3.99 96.70
46 18.22 95.94 4.11 96.21
47 16.20 96.25 3.97 96.58
48 15.38 96.31 4.26 96.21
49 19.07 95.44 3.94 96.58
50 15.44 96.54 4.07 96.94
51 15.12 96.64 3.79 96.58
52 15.02 96.44 3.88 96.45
53 15.24 96.44 3.95 96.09
54 14.36 96.49 3.82 96.45
55 16.52 95.88 3.70 96.94
56 14.65 96.38 3.86 96.58
57 15.31 96.43 3.75 96.58
58 13.95 96.69 3.53 96.70
59 14.16 96.60 3.50 97.31
60 13.88 96.60 3.45 97.19
61 14.14 96.83 3.66 96.33
62 14.34 96.52 3.42 97.19
63 13.16 96.83 3.56 96.82
64 13.17 96.70 3.46 97.19
65 13.86 96.63 3.42 96.70
66 12.97 96.81 3.35 97.07
67 12.96 96.96 3.42 97.19
68 12.44 96.89 3.26 97.31
69 12.31 96.93 3.30 96.82
70 12.75 96.87 3.43 96.70
71 12.09 97.07 3.39 96.82
72 12.30 97.13 3.44 96.58
73 12.37 96.98 3.28 97.19
74 12.77 97.05 3.33 97.19
75 12.03 97.05 3.20 97.07
76 11.83 97.18 3.71 97.19
77 12.67 97.02 3.51 96.82
78 12.36 96.95 3.14 97.07
79 12.38 97.02 3.49 96.58
80 12.47 96.98 3.29 97.31
81 12.63 96.87 3.45 96.70
82 13.12 96.66 3.32 96.70
83 11.56 97.27 3.51 97.07
84 12.01 96.95 3.33 96.82
85 11.57 97.08 3.06 97.19
86 11.91 96.92 3.41 96.58
87 11.02 97.07 3.18 97.56
88 11.64 97.21 3.33 96.94
89 11.44 97.30 3.37 97.07
90 9.69 97.59 3.58 96.33
91 11.17 97.27 3.38 97.07
92 11.37 97.25 3.28 96.82
93 11.08 97.24 3.33 96.94
94 10.66 97.37 3.37 96.70
95 11.36 97.16 3.52 96.58
96 10.32 97.42 3.13 97.19
97 9.20 97.68 3.17 97.31
98 10.34 97.34 3.26 96.33
99 9.35 97.86 3.27 97.07
100 10.44 97.47 3.08 97.31
